config: RandomTree with params: {'n_classes': 2, 'n_num_features': 2, 'n_cat_features': 2, 'n_categories_per_feature': 2, 'max_tree_depth': 5, 'first_leaf_level': 2, 'fraction_leaves_per_level': 0.15}
[[-0.01  0.39 -0.59  0.49  0.35]
 [-0.11  0.16  0.76  1.17  0.  ]
 [ 0.    0.    0.    0.    0.  ]
 [ 0.    0.    0.    0.    0.  ]
 [-1.66  0.48  0.52  1.08  0.  ]
 [-0.26  0.27  0.93  0.    0.  ]
 [-0.91  0.    0.    0.    0.  ]
 [ 0.    0.    0.    0.    0.  ]
 [ 1.27  0.    0.    0.    0.  ]
 [ 0.    0.    0.    0.    0.  ]
 [ 0.    0.    0.    0.    0.  ]
 [ 0.    0.    0.    0.    0.  ]
 [ 0.    0.    0.    0.    0.  ]
 [ 0.    0.    0.    0.    0.  ]
 [ 0.    0.    0.    0.    0.  ]
 [ 0.    0.    0.    0.    0.  ]]
[[ 4.69e-02  1.72e-02  3.37e-02  7.39e-02  4.64e-01]
 [-3.38e-02  2.64e-01  0.00e+00  0.00e+00  0.00e+00]
 [ 0.00e+00  0.00e+00  0.00e+00  0.00e+00  0.00e+00]
 [ 0.00e+00  0.00e+00  0.00e+00  0.00e+00  0.00e+00]
 [-3.97e-02 -1.50e-03 -3.60e-04  1.45e-01  2.60e-02]
 [-2.74e-02  8.34e-02  0.00e+00  0.00e+00  0.00e+00]
 [-8.64e-02  0.00e+00  0.00e+00  0.00e+00  0.00e+00]
 [ 0.00e+00  0.00e+00  0.00e+00  0.00e+00  0.00e+00]
 [ 2.71e-02  0.00e+00  0.00e+00  2.31e-02  0.00e+00]
 [ 0.00e+00  0.00e+00  0.00e+00  0.00e+00  0.00e+00]
 [ 0.00e+00  0.00e+00  0.00e+00  0.00e+00  0.00e+00]
 [ 0.00e+00  0.00e+00  0.00e+00  0.00e+00  0.00e+00]
 [ 0.00e+00  0.00e+00  0.00e+00  0.00e+00  0.00e+00]
 [ 0.00e+00  0.00e+00  0.00e+00  0.00e+00  0.00e+00]
 [ 0.00e+00  0.00e+00  0.00e+00  0.00e+00  0.00e+00]
 [ 0.00e+00  0.00e+00  0.00e+00  0.00e+00  0.00e+00]]
==========
config: RandomRBF with params: {'n_classes': 4, 'n_features': 5, 'n_centroids': 10}
[[-0.02  0.04  0.38 -0.12 -0.03]
 [-0.04 -0.16 -0.11  0.04  0.93]
 [ 0.    0.   -0.06  0.    0.  ]
 [ 0.    0.    0.    0.    0.  ]
 [-0.29 -0.01  1.09 -0.72  0.  ]
 [-0.28 -0.14 -0.5   0.9   0.  ]
 [-0.06 -0.19  0.    0.    0.  ]
 [ 0.    0.    0.    0.    0.  ]
 [-0.19  0.9   0.    0.    0.  ]
 [ 0.    0.    0.    0.    0.  ]
 [-0.2   0.    0.    0.    0.  ]
 [ 0.    0.    0.    0.    0.  ]
 [-0.9   1.16  0.    0.    0.  ]
 [ 0.    0.    0.    0.    0.  ]
 [ 0.    0.    0.    0.    0.  ]
 [ 0.    0.    0.    0.    0.  ]]
[[ 0.05 -0.01  0.52  0.09  0.03]
 [-0.   -0.01 -0.   -0.01  0.26]
 [ 0.    0.    0.    0.    0.  ]
 [ 0.    0.    0.    0.    0.  ]
 [-0.02  0.15  0.    0.    0.  ]
 [-0.01 -0.01 -0.01  0.    0.  ]
 [-0.01  0.    0.    0.    0.  ]
 [ 0.    0.    0.    0.    0.  ]
 [-0.01  0.09  0.    0.06  0.  ]
 [ 0.    0.    0.    0.    0.  ]
 [-0.    0.    0.    0.    0.  ]
 [ 0.    0.    0.    0.    0.  ]
 [-0.02  0.    0.    0.    0.  ]
 [ 0.    0.    0.    0.    0.  ]
 [ 0.    0.    0.    0.    0.  ]
 [ 0.    0.    0.    0.    0.  ]]
==========
config: RandomTree with params: {'n_classes': 3, 'n_num_features': 3, 'n_cat_features': 3, 'n_categories_per_feature': 3, 'max_tree_depth': 5, 'first_leaf_level': 2, 'fraction_leaves_per_level': 0.15}
[[-0.24 -0.07 -0.3   0.7  -0.45]
 [-0.31  0.81 -0.42  1.22  1.01]
 [ 0.    0.    0.    0.    0.  ]
 [ 0.    0.    0.    0.    0.  ]
 [-0.19 -0.03  0.89  1.43  0.  ]
 [ 0.44 -0.63  0.07  1.4   0.  ]
 [ 1.62  0.    0.    0.    0.  ]
 [ 0.    0.    0.    0.    0.  ]
 [ 1.31  0.    0.    0.    0.  ]
 [ 0.    0.    0.    0.    0.  ]
 [ 0.    0.    0.    0.    0.  ]
 [ 0.    0.    0.    0.    0.  ]
 [ 0.    0.    0.    0.    0.  ]
 [ 0.    0.    0.    0.    0.  ]
 [ 0.    0.    0.    0.    0.  ]
 [ 0.    0.    0.    0.    0.  ]]
[[ 0.01 -0.03  0.31  0.    0.  ]
 [-0.01 -0.05  0.03  0.28  0.  ]
 [ 0.03  0.    0.    0.    0.  ]
 [ 0.    0.    0.    0.    0.  ]
 [-0.    0.09  0.    0.    0.01]
 [-0.03 -0.06 -0.01  0.24  0.  ]
 [ 0.02  0.    0.    0.    0.  ]
 [ 0.    0.    0.    0.    0.  ]
 [ 0.04  0.    0.    0.01  0.  ]
 [ 0.    0.    0.    0.    0.  ]
 [ 0.    0.    0.    0.    0.  ]
 [ 0.    0.    0.    0.    0.  ]
 [ 0.    0.    0.    0.    0.  ]
 [ 0.    0.    0.    0.    0.  ]
 [ 0.    0.    0.    0.    0.  ]
 [ 0.    0.    0.    0.    0.  ]]
==========
config: RandomRBF with params: {'n_classes': 2, 'n_features': 10, 'n_centroids': 50}
[[-0.04  0.09 -0.11 -0.04  0.3 ]
 [-0.21 -0.17  0.45  0.49  0.  ]
 [ 0.    0.    0.    0.    0.  ]
 [ 0.    0.    0.    0.    0.  ]
 [-0.6   0.51  0.    0.    0.  ]
 [-0.13 -0.39  0.    0.    0.  ]
 [ 0.    0.    0.    0.    0.  ]
 [ 0.    0.    0.    0.    0.  ]
 [ 0.55  0.    0.    0.    0.  ]
 [ 0.    0.    0.    0.    0.  ]
 [ 0.    0.    0.    0.    0.  ]
 [ 0.    0.    0.    0.    0.  ]
 [ 0.    0.    0.    0.    0.  ]
 [ 0.    0.    0.    0.    0.  ]
 [ 0.    0.    0.    0.    0.  ]
 [ 0.    0.    0.    0.    0.  ]]
[[ 0.02  0.01 -0.01  0.06  0.29]
 [-0.03 -0.    0.1   0.    0.  ]
 [ 0.    0.    0.    0.    0.  ]
 [ 0.    0.    0.    0.    0.  ]
 [-0.01 -0.    0.06  0.    0.  ]
 [ 0.    0.    0.    0.    0.  ]
 [ 0.    0.    0.    0.    0.  ]
 [ 0.    0.    0.    0.    0.  ]
 [-0.    0.06  0.    0.03  0.  ]
 [ 0.    0.    0.    0.    0.  ]
 [ 0.    0.    0.    0.    0.  ]
 [ 0.    0.    0.    0.    0.  ]
 [ 0.    0.    0.    0.    0.  ]
 [ 0.    0.    0.    0.    0.  ]
 [ 0.    0.    0.    0.    0.  ]
 [ 0.    0.    0.    0.    0.  ]]
==========
config: Hyperplane with params: {'n_features': 10, 'noise_percentage': 0.05, 'sigma': 0.1}
[[-0.1   0.07 -0.4   0.32  0.24]
 [ 0.02  0.    0.56  0.57  0.  ]
 [ 0.    0.    0.    0.    0.  ]
 [ 0.    0.    0.    0.    0.  ]
 [ 0.07  0.57  0.    0.    0.  ]
 [ 0.    0.    0.    0.    0.  ]
 [ 0.    0.    0.    0.    0.  ]
 [ 0.    0.    0.    0.    0.  ]
 [ 0.63  0.    0.    0.    0.  ]
 [ 0.    0.    0.    0.    0.  ]
 [ 0.    0.    0.    0.    0.  ]
 [ 0.    0.    0.    0.    0.  ]
 [ 0.    0.    0.    0.    0.  ]
 [ 0.    0.    0.    0.    0.  ]
 [ 0.    0.    0.    0.    0.  ]
 [ 0.    0.    0.    0.    0.  ]]
[[-0.02  0.01  0.03  0.26  0.  ]
 [ 0.12  0.    0.    0.    0.  ]
 [ 0.    0.    0.    0.    0.  ]
 [ 0.    0.    0.    0.    0.  ]
 [ 0.07  0.    0.    0.01  0.02]
 [ 0.    0.    0.    0.    0.  ]
 [ 0.    0.    0.    0.    0.  ]
 [ 0.    0.    0.    0.    0.  ]
 [ 0.01  0.    0.    0.    0.  ]
 [ 0.    0.    0.    0.    0.  ]
 [ 0.    0.    0.    0.    0.  ]
 [ 0.    0.    0.    0.    0.  ]
 [ 0.    0.    0.    0.    0.  ]
 [ 0.    0.    0.    0.    0.  ]
 [ 0.    0.    0.    0.    0.  ]
 [ 0.    0.    0.    0.    0.  ]]
==========
config: RandomTree with params: {'n_classes': 4, 'n_num_features': 4, 'n_cat_features': 4, 'n_categories_per_feature': 4, 'max_tree_depth': 5, 'first_leaf_level': 2, 'fraction_leaves_per_level': 0.15}
[[-0.06  0.51 -0.21  0.92 -0.14]
 [-0.2   0.98  1.51  1.15  1.14]
 [ 0.    0.    1.9   0.    0.  ]
 [ 0.    0.    0.    0.    0.  ]
 [-0.08 -0.12  0.57  1.73  0.  ]
 [ 0.29  1.49  0.    0.    0.  ]
 [ 1.75  0.    0.    1.57  0.  ]
 [ 0.    0.    0.    0.    0.  ]
 [ 0.46  2.08  0.    0.    0.  ]
 [ 0.    0.    0.    0.    0.  ]
 [ 0.    0.    0.    0.    0.  ]
 [ 0.    0.    0.    0.    0.  ]
 [ 2.04  0.    0.    0.    0.  ]
 [ 0.    0.    0.    0.    0.  ]
 [ 0.    0.    0.    0.    0.  ]
 [ 0.    0.    0.    0.    0.  ]]
[[-0.02 -0.07  0.    0.23  0.  ]
 [-0.    0.17  0.02  0.01  0.  ]
 [ 0.01  0.    0.    0.    0.  ]
 [ 0.    0.    0.    0.    0.  ]
 [ 0.11  0.    0.    0.01  0.02]
 [ 0.16  0.01  0.    0.    0.  ]
 [ 0.    0.    0.    0.    0.  ]
 [ 0.    0.    0.    0.    0.  ]
 [ 0.06  0.    0.    0.    0.  ]
 [ 0.    0.    0.    0.    0.  ]
 [ 0.    0.    0.    0.    0.  ]
 [ 0.    0.    0.    0.    0.  ]
 [ 0.    0.    0.    0.    0.  ]
 [ 0.    0.    0.    0.    0.  ]
 [ 0.    0.    0.    0.    0.  ]
 [ 0.    0.    0.    0.    0.  ]]
==========
config: RandomTree with params: {'n_classes': 5, 'n_num_features': 5, 'n_cat_features': 5, 'n_categories_per_feature': 5, 'max_tree_depth': 5, 'first_leaf_level': 2, 'fraction_leaves_per_level': 0.15}
[[ 0.    0.12  0.97 -0.05  0.03]
 [ 0.05  0.05 -0.03  1.27 -0.25]
 [ 1.04  0.    0.    0.    0.  ]
 [ 0.    0.    0.    0.    0.  ]
 [ 0.19  0.71  0.    0.    0.  ]
 [ 0.02  0.    0.    0.    0.  ]
 [ 1.15  0.    0.    0.    0.  ]
 [ 0.04  0.    0.    0.    0.  ]
 [-0.67  1.64  0.    0.    0.  ]
 [ 0.    0.    0.    0.    0.  ]
 [ 0.    0.    0.    0.    0.  ]
 [ 0.03  0.    0.    0.    0.  ]
 [ 2.26  0.    0.    0.    0.  ]
 [ 0.    0.    0.    0.    0.  ]
 [ 0.    0.    0.    0.    0.  ]
 [ 0.07  0.    0.    0.    0.  ]]
[[-1.04e-02 -9.96e-03  0.00e+00  1.36e-01  0.00e+00]
 [ 1.57e-01  1.36e-02  2.28e-02  2.01e-02  0.00e+00]
 [-1.00e-04  0.00e+00  0.00e+00  0.00e+00  0.00e+00]
 [ 0.00e+00  0.00e+00  0.00e+00  0.00e+00  0.00e+00]
 [ 7.24e-02  0.00e+00  0.00e+00  3.95e-03  3.60e-03]
 [ 7.39e-02  0.00e+00  0.00e+00  0.00e+00  0.00e+00]
 [ 8.12e-02  0.00e+00  0.00e+00  0.00e+00  0.00e+00]
 [ 2.00e-04  0.00e+00  0.00e+00  0.00e+00  0.00e+00]
 [-1.05e-01  2.66e-02  0.00e+00  0.00e+00  0.00e+00]
 [ 0.00e+00  0.00e+00  0.00e+00  0.00e+00  0.00e+00]
 [ 0.00e+00  0.00e+00  0.00e+00  0.00e+00  0.00e+00]
 [-2.60e-03  0.00e+00  0.00e+00  0.00e+00  0.00e+00]
 [ 0.00e+00  0.00e+00  0.00e+00  0.00e+00  0.00e+00]
 [ 0.00e+00  0.00e+00  0.00e+00  0.00e+00  0.00e+00]
 [ 0.00e+00  0.00e+00  0.00e+00  0.00e+00  0.00e+00]
 [ 2.80e-03  0.00e+00  0.00e+00  0.00e+00  0.00e+00]]
==========
config: RandomRBF with params: {'n_classes': 4, 'n_features': 20, 'n_centroids': 100}
[[ 0.01  0.53 -0.22  0.63  0.2 ]
 [-0.34  0.6   1.15  1.    0.  ]
 [ 0.    0.    0.    0.    0.  ]
 [ 0.    0.    0.    0.    0.  ]
 [-0.04  0.56  1.27  0.    0.  ]
 [ 1.06  0.    0.15  0.    0.  ]
 [ 0.88  0.    0.    0.    0.  ]
 [ 0.    0.    0.    0.    0.  ]
 [ 1.    0.    0.    0.    0.  ]
 [ 0.    0.    0.    0.    0.  ]
 [ 0.    0.    0.    0.    0.  ]
 [ 0.    0.    0.    0.    0.  ]
 [ 1.53  0.    0.    0.    0.  ]
 [ 0.    0.    0.    0.    0.  ]
 [ 0.    0.    0.    0.    0.  ]
 [ 0.    0.    0.    0.    0.  ]]
[[ 0.03 -0.03  0.31  0.04  0.  ]
 [-0.03 -0.02 -0.03  0.16  0.  ]
 [ 0.02  0.    0.    0.    0.  ]
 [ 0.    0.    0.    0.    0.  ]
 [-0.01 -0.01  0.06 -0.01  0.01]
 [-0.04 -0.01 -0.02  0.02  0.  ]
 [ 0.04  0.    0.    0.    0.  ]
 [ 0.    0.    0.    0.    0.  ]
 [ 0.12  0.    0.    0.    0.  ]
 [ 0.    0.    0.    0.    0.  ]
 [ 0.    0.    0.    0.    0.  ]
 [ 0.    0.    0.    0.    0.  ]
 [ 0.04  0.    0.    0.01  0.  ]
 [ 0.    0.    0.    0.    0.  ]
 [ 0.    0.    0.    0.    0.  ]
 [ 0.    0.    0.    0.    0.  ]]
==========
