
Q-table (Monte Carlo), (RandomTree):
[[-0.14  0.3  -0.08  0.74  0.44]
 [ 0.21  0.   -0.3   0.99  0.  ]
 [-0.06 -0.97  0.98  1.49  0.  ]
 [ 1.98  0.    0.    0.    0.  ]
 [ 0.    0.    0.    0.    0.  ]
 [-0.15 -1.06 -0.02  1.57  0.  ]
 [-0.32  0.4   0.24  0.    0.  ]
 [-0.74 -0.05  1.29  0.    0.  ]
 [ 0.    0.    0.    0.    0.  ]
 [ 0.    0.    0.    0.    0.  ]
 [ 1.39  0.    0.    0.    0.  ]
 [ 0.    0.    0.    0.    0.  ]
 [-0.05  0.23  0.    0.    0.  ]
 [ 0.    0.    0.    0.    0.  ]
 [ 0.    0.    0.    0.    0.  ]
 [ 1.79  0.    0.    0.    0.  ]
 [ 0.    0.    0.    0.    0.  ]
 [ 0.    0.    0.    0.    0.  ]
 [ 0.    0.    0.    0.    0.  ]
 [ 0.    0.    0.    0.    0.  ]
 [ 0.    0.    0.    0.    0.  ]
 [ 0.    0.    0.    0.    0.  ]
 [ 0.    0.    0.    0.    0.  ]
 [ 0.    0.    0.    0.    0.  ]
 [ 0.    0.    0.    0.    0.  ]]
Q-table (Q-learning), (RandomTree):
[[ 3.29e-02 -5.76e-03  3.07e-02  4.04e-01  0.00e+00]
 [-8.08e-03 -4.02e-02 -3.36e-02  4.16e-01  0.00e+00]
 [-1.00e-04 -1.60e-02  1.63e-01  0.00e+00  0.00e+00]
 [ 0.00e+00  0.00e+00  0.00e+00  0.00e+00  0.00e+00]
 [ 0.00e+00  0.00e+00  0.00e+00  0.00e+00  0.00e+00]
 [-3.57e-02  7.32e-02  0.00e+00  0.00e+00  0.00e+00]
 [-9.10e-04  2.44e-02  0.00e+00  2.40e-02  0.00e+00]
 [-3.00e-04 -6.11e-02  1.53e-01  0.00e+00  0.00e+00]
 [ 0.00e+00  0.00e+00  0.00e+00  0.00e+00  0.00e+00]
 [ 0.00e+00  0.00e+00  0.00e+00  0.00e+00  0.00e+00]
 [ 9.91e-02  0.00e+00  0.00e+00  1.56e-02  1.97e-02]
 [ 0.00e+00  0.00e+00  0.00e+00  0.00e+00  0.00e+00]
 [-3.00e-04  6.74e-03  0.00e+00  0.00e+00  0.00e+00]
 [ 0.00e+00  0.00e+00  0.00e+00  0.00e+00  0.00e+00]
 [ 0.00e+00  0.00e+00  0.00e+00  0.00e+00  0.00e+00]
 [ 1.69e-02  0.00e+00  0.00e+00  1.61e-02  0.00e+00]
 [ 0.00e+00  0.00e+00  0.00e+00  0.00e+00  0.00e+00]
 [ 0.00e+00  0.00e+00  0.00e+00  0.00e+00  0.00e+00]
 [ 0.00e+00  0.00e+00  0.00e+00  0.00e+00  0.00e+00]
 [ 0.00e+00  0.00e+00  0.00e+00  0.00e+00  0.00e+00]
 [ 0.00e+00  0.00e+00  0.00e+00  0.00e+00  0.00e+00]
 [ 0.00e+00  0.00e+00  0.00e+00  0.00e+00  0.00e+00]
 [ 0.00e+00  0.00e+00  0.00e+00  0.00e+00  0.00e+00]
 [ 0.00e+00  0.00e+00  0.00e+00  0.00e+00  0.00e+00]
 [ 0.00e+00  0.00e+00  0.00e+00  0.00e+00  0.00e+00]]
Q-table (Monte Carlo), (RandomTree):
[[-6.51e-03  4.61e-01  1.46e-01  0.00e+00  4.08e-01]
 [ 2.55e-01  2.06e-01 -7.88e-02 -2.36e-02 -2.72e-01]
 [ 8.23e-01  0.00e+00  0.00e+00  0.00e+00  0.00e+00]
 [ 0.00e+00  0.00e+00  0.00e+00  0.00e+00  0.00e+00]
 [ 0.00e+00  0.00e+00  0.00e+00  0.00e+00  0.00e+00]
 [ 1.37e-02  1.06e-01  0.00e+00  1.07e-01  0.00e+00]
 [-1.87e-03 -1.32e-01  0.00e+00  0.00e+00  0.00e+00]
 [ 4.04e-01 -2.19e-01  1.92e-01 -6.68e-03  0.00e+00]
 [ 0.00e+00  0.00e+00  2.78e+00  0.00e+00  0.00e+00]
 [ 0.00e+00  0.00e+00  0.00e+00  0.00e+00  0.00e+00]
 [ 1.23e+00  0.00e+00  0.00e+00  0.00e+00  0.00e+00]
 [ 0.00e+00  0.00e+00  0.00e+00  0.00e+00  0.00e+00]
 [ 0.00e+00  0.00e+00  0.00e+00  0.00e+00  0.00e+00]
 [ 1.83e+00  0.00e+00  0.00e+00  0.00e+00  0.00e+00]
 [ 0.00e+00  0.00e+00  0.00e+00  0.00e+00  0.00e+00]
 [ 1.91e+00  0.00e+00  0.00e+00  0.00e+00  0.00e+00]
 [ 0.00e+00  0.00e+00  0.00e+00  0.00e+00  0.00e+00]
 [ 0.00e+00  0.00e+00  0.00e+00  0.00e+00  0.00e+00]
 [ 0.00e+00  0.00e+00  0.00e+00  0.00e+00  0.00e+00]
 [ 0.00e+00  0.00e+00  0.00e+00  0.00e+00  0.00e+00]
 [ 2.76e+00  0.00e+00  0.00e+00  0.00e+00  0.00e+00]
 [ 0.00e+00  0.00e+00  0.00e+00  0.00e+00  0.00e+00]
 [ 0.00e+00  0.00e+00  0.00e+00  0.00e+00  0.00e+00]
 [ 0.00e+00  0.00e+00  0.00e+00  0.00e+00  0.00e+00]
 [ 0.00e+00  0.00e+00  0.00e+00  0.00e+00  0.00e+00]]
Q-table (Q-learning), (RandomTree):
[[-0.01 -0.08  0.17 -0.    0.  ]
 [-0.01 -0.01 -0.02  0.02  0.22]
 [-0.   -0.01  0.11  0.    0.  ]
 [ 0.    0.    0.    0.    0.  ]
 [ 0.    0.    0.    0.    0.  ]
 [ 0.04  0.    0.    0.    0.  ]
 [-0.01  0.06  0.    0.    0.  ]
 [-0.01 -0.    0.05  0.    0.  ]
 [ 0.02  0.    0.    0.    0.  ]
 [ 0.    0.    0.    0.    0.  ]
 [ 0.07  0.    0.    0.    0.01]
 [ 0.01  0.    0.    0.    0.  ]
 [-0.    0.    0.    0.    0.  ]
 [ 0.05  0.    0.    0.    0.  ]
 [ 0.    0.    0.    0.    0.  ]
 [ 0.01  0.    0.    0.01  0.  ]
 [ 0.    0.    0.    0.    0.  ]
 [ 0.    0.    0.    0.    0.  ]
 [ 0.    0.    0.    0.    0.  ]
 [ 0.    0.    0.    0.    0.  ]
 [ 0.    0.    0.    0.    0.  ]
 [ 0.    0.    0.    0.    0.  ]
 [ 0.    0.    0.    0.    0.  ]
 [ 0.    0.    0.    0.    0.  ]
 [ 0.    0.    0.    0.    0.  ]]
Q-table (Monte Carlo), (RandomRBF):
[[-0.04  0.1  -0.11 -0.03  0.31]
 [-0.21 -0.17  0.46  0.51  0.  ]
 [ 0.    0.    0.    0.    0.  ]
 [ 0.    0.    0.    0.    0.  ]
 [ 0.    0.    0.    0.    0.  ]
 [-0.56  0.55  0.    0.    0.  ]
 [ 0.    0.    0.    0.    0.  ]
 [-0.13 -0.39  0.    0.    0.  ]
 [ 0.    0.    0.    0.    0.  ]
 [ 0.    0.    0.    0.    0.  ]
 [-0.63  0.63  0.    0.    0.  ]
 [ 0.    0.    0.    0.    0.  ]
 [ 0.    0.    0.    0.    0.  ]
 [ 0.    0.    0.    0.    0.  ]
 [ 0.    0.    0.    0.    0.  ]
 [ 0.01  0.    0.    0.    0.  ]
 [ 0.    0.    0.    0.    0.  ]
 [ 0.    0.    0.    0.    0.  ]
 [ 0.    0.    0.    0.    0.  ]
 [ 0.    0.    0.    0.    0.  ]
 [ 0.    0.    0.    0.    0.  ]
 [ 0.    0.    0.    0.    0.  ]
 [ 0.    0.    0.    0.    0.  ]
 [ 0.    0.    0.    0.    0.  ]
 [ 0.    0.    0.    0.    0.  ]]
Q-table (Q-learning), (RandomRBF):
[[ 0.02 -0.   -0.01  0.06  0.28]
 [-0.02  0.08  0.    0.    0.  ]
 [-0.01  0.03  0.    0.    0.  ]
 [ 0.    0.    0.    0.    0.  ]
 [ 0.    0.    0.    0.    0.  ]
 [ 0.03  0.    0.    0.    0.  ]
 [ 0.    0.    0.    0.    0.  ]
 [ 0.    0.    0.    0.    0.  ]
 [ 0.    0.    0.    0.    0.  ]
 [ 0.    0.    0.    0.    0.  ]
 [-0.02 -0.    0.04  0.    0.  ]
 [ 0.    0.    0.    0.    0.  ]
 [ 0.    0.    0.    0.    0.  ]
 [ 0.    0.    0.    0.    0.  ]
 [ 0.    0.    0.    0.    0.  ]
 [ 0.05  0.    0.    0.03  0.  ]
 [ 0.    0.    0.    0.    0.  ]
 [ 0.    0.    0.    0.    0.  ]
 [ 0.    0.    0.    0.    0.  ]
 [ 0.    0.    0.    0.    0.  ]
 [ 0.    0.    0.    0.    0.  ]
 [ 0.    0.    0.    0.    0.  ]
 [ 0.    0.    0.    0.    0.  ]
 [ 0.    0.    0.    0.    0.  ]
 [ 0.    0.    0.    0.    0.  ]]
Q-table (Monte Carlo), (RandomRBF):
[[-0.01  0.57 -0.21  0.66  0.13]
 [-0.37  0.55  0.    0.    0.  ]
 [-0.31  1.21  0.86  1.12  0.  ]
 [ 0.    0.    0.    0.    0.  ]
 [ 0.    0.    0.    0.    0.  ]
 [-0.04  0.96  0.    1.4   0.  ]
 [ 0.36  0.    0.    0.    0.  ]
 [ 0.    0.    0.    0.    0.  ]
 [ 0.89  0.    0.    0.    0.  ]
 [ 0.    0.    0.    0.    0.  ]
 [-0.1   0.8   0.    0.    0.  ]
 [ 0.    0.    0.    0.    0.  ]
 [ 0.    0.    0.    0.    0.  ]
 [ 0.    0.    0.    0.    0.  ]
 [ 0.    0.    0.    0.    0.  ]
 [ 1.13  0.    0.    0.    0.  ]
 [ 0.    0.    0.    0.    0.  ]
 [ 0.    0.    0.    0.    0.  ]
 [ 0.    0.    0.    0.    0.  ]
 [ 0.    0.    0.    0.    0.  ]
 [ 1.49  0.    0.    0.    0.  ]
 [ 0.    0.    0.    0.    0.  ]
 [ 0.    0.    0.    0.    0.  ]
 [ 0.    0.    0.    0.    0.  ]
 [ 0.    0.    0.    0.    0.  ]]


Q-table (Q-learning), (RandomRBF):
[[ 0.03 -0.03  0.26  0.01  0.  ]
 [-0.04 -0.02 -0.03 -0.01  0.1 ]
 [-0.   -0.01  0.04  0.    0.  ]
 [ 0.    0.    0.    0.    0.  ]
 [ 0.    0.    0.    0.    0.  ]
 [-0.02  0.04  0.   -0.01  0.  ]
 [-0.03 -0.02  0.    0.    0.  ]
 [-0.02 -0.01 -0.01  0.03  0.  ]
 [ 0.02  0.    0.    0.    0.  ]
 [ 0.    0.    0.    0.    0.  ]
 [-0.    0.    0.    0.   -0.  ]
 [ 0.01  0.    0.    0.    0.  ]
 [ 0.01  0.    0.    0.    0.  ]
 [ 0.    0.    0.    0.    0.  ]
 [ 0.    0.    0.    0.    0.  ]
 [ 0.08  0.    0.    0.    0.  ]
 [ 0.    0.    0.    0.    0.  ]
 [ 0.    0.    0.    0.    0.  ]
 [ 0.    0.    0.    0.    0.  ]
 [ 0.    0.    0.    0.    0.  ]
 [ 0.05  0.    0.   -0.01  0.  ]
 [ 0.    0.    0.    0.    0.  ]
 [ 0.    0.    0.    0.    0.  ]
 [ 0.    0.    0.    0.    0.  ]
 [ 0.    0.    0.    0.    0.  ]]
