Q-table (Monte Carlo), (RandomTree):
[[-0.13  0.18  0.3   0.   -0.27]
 [-0.17 -0.08  0.18  0.8   1.44]
 [ 0.    0.    0.    0.    0.  ]
 [ 0.    0.    0.    0.    0.  ]
 [-0.15 -0.74 -0.01  0.65  0.  ]
 [-0.05 -0.08 -0.55  0.77  0.  ]
 [ 0.96  0.    0.    0.    0.  ]
 [ 0.    0.    0.    0.    0.  ]
 [ 1.15  0.    0.    0.    0.  ]
 [ 0.    0.    0.    0.    0.  ]
 [ 0.    0.    0.    0.    0.  ]
 [ 0.    0.    0.    0.    0.  ]
 [ 0.    0.    0.    0.    0.  ]
 [ 0.    0.    0.    0.    0.  ]
 [ 0.    0.    0.    0.    0.  ]
 [ 0.    0.    0.    0.    0.  ]]
Q-table (Q-learning), (RandomTree):
[[ 0.04 -0.    0.03  0.41  0.  ]
 [-0.01 -0.06 -0.02  0.47  0.  ]
 [ 0.    0.    0.    0.    0.  ]
 [ 0.    0.    0.    0.    0.  ]
 [-0.04  0.13  0.    0.01  0.02]
 [ 0.01 -0.05  0.24  0.    0.  ]
 [ 0.1   0.    0.    0.    0.  ]
 [ 0.    0.    0.    0.    0.  ]
 [ 0.05  0.    0.    0.02  0.  ]
 [ 0.    0.    0.    0.    0.  ]
 [ 0.01  0.    0.    0.    0.  ]
 [ 0.    0.    0.    0.    0.  ]
 [ 0.    0.    0.    0.    0.  ]
 [ 0.    0.    0.    0.    0.  ]
 [ 0.    0.    0.    0.    0.  ]
 [ 0.    0.    0.    0.    0.  ]]
Q-table (Monte Carlo), (RandomTree):
[[-0.01  0.46  0.15  0.    0.41]
 [ 0.29  0.21  0.22 -0.02 -0.27]
 [ 0.    0.    0.    0.    0.  ]
 [ 0.    0.    0.    0.    0.  ]
 [ 0.52  0.11  0.    0.29  0.  ]
 [ 0.29 -0.18  0.15 -0.01  0.  ]
 [ 1.83  0.    2.78  0.    0.  ]
 [ 0.    0.    0.    0.    0.  ]
 [ 1.29  0.    0.    0.    0.  ]
 [ 0.    0.    0.    0.    0.  ]
 [ 0.    0.    0.    0.    0.  ]
 [ 0.    0.    0.    0.    0.  ]
 [ 2.76  0.    0.    0.    0.  ]
 [ 0.    0.    0.    0.    0.  ]
 [ 0.    0.    0.    0.    0.  ]
 [ 0.    0.    0.    0.    0.  ]]
Q-table (Q-learning), (RandomTree):
[[-0.02 -0.08  0.05  0.    0.  ]
 [-0.02 -0.05  0.03 -0.    0.  ]
 [ 0.    0.    0.    0.    0.  ]
 [ 0.    0.    0.    0.    0.  ]
 [ 0.05  0.    0.    0.01  0.01]
 [-0.01 -0.01  0.03  0.    0.  ]
 [ 0.    0.    0.    0.    0.  ]
 [ 0.    0.    0.    0.    0.  ]
 [ 0.    0.    0.    0.    0.  ]
 [ 0.    0.    0.    0.    0.  ]
 [ 0.01  0.    0.    0.    0.  ]
 [ 0.    0.    0.    0.    0.  ]
 [ 0.    0.    0.    0.    0.  ]
 [ 0.    0.    0.    0.    0.  ]
 [ 0.    0.    0.    0.    0.  ]
 [ 0.    0.    0.    0.    0.  ]]
Q-table (Monte Carlo), (RandomRBF):
[[-0.04  0.09 -0.11 -0.04  0.3 ]
 [-0.21 -0.17  0.45  0.49  0.  ]
 [ 0.    0.    0.    0.    0.  ]
 [ 0.    0.    0.    0.    0.  ]
 [-0.6   0.51  0.    0.    0.  ]
 [-0.13 -0.39  0.    0.    0.  ]
 [ 0.    0.    0.    0.    0.  ]
 [ 0.    0.    0.    0.    0.  ]
 [ 0.55  0.    0.    0.    0.  ]
 [ 0.    0.    0.    0.    0.  ]
 [ 0.    0.    0.    0.    0.  ]
 [ 0.    0.    0.    0.    0.  ]
 [ 0.    0.    0.    0.    0.  ]
 [ 0.    0.    0.    0.    0.  ]
 [ 0.    0.    0.    0.    0.  ]
 [ 0.    0.    0.    0.    0.  ]]
Q-table (Q-learning), (RandomRBF):
[[ 0.02  0.01 -0.01  0.06  0.29]
 [-0.03 -0.    0.1   0.    0.  ]
 [ 0.    0.    0.    0.    0.  ]
 [ 0.    0.    0.    0.    0.  ]
 [-0.01 -0.    0.06  0.    0.  ]
 [ 0.    0.    0.    0.    0.  ]
 [ 0.    0.    0.    0.    0.  ]
 [ 0.    0.    0.    0.    0.  ]
 [-0.    0.06  0.    0.03  0.  ]
 [ 0.    0.    0.    0.    0.  ]
 [ 0.    0.    0.    0.    0.  ]
 [ 0.    0.    0.    0.    0.  ]
 [ 0.    0.    0.    0.    0.  ]
 [ 0.    0.    0.    0.    0.  ]
 [ 0.    0.    0.    0.    0.  ]
 [ 0.    0.    0.    0.    0.  ]]
Q-table (Monte Carlo), (RandomRBF):
[[ 0.01  0.54 -0.22  0.64  0.2 ]
 [-0.34  0.6   1.07  0.    0.  ]
 [ 0.    0.    0.    1.4   0.  ]
 [ 0.    0.    0.    0.    0.  ]
 [-0.04  0.55  1.31  0.    0.  ]
 [ 0.34  0.    0.    0.    0.  ]
 [ 0.88  0.    0.    0.    0.  ]
 [ 0.    0.    0.    0.    0.  ]
 [ 1.31  0.    0.    0.    0.  ]
 [ 0.    0.    0.    0.    0.  ]
 [ 0.    0.    0.    0.    0.  ]
 [ 0.    0.    0.    0.    0.  ]
 [ 1.42  0.    0.    0.    0.  ]
 [ 0.    0.    0.    0.    0.  ]
 [ 0.    0.    0.    0.    0.  ]
 [ 0.    0.    0.    0.    0.  ]]
Q-table (Q-learning), (RandomRBF):
[[ 0.03 -0.03  0.32  0.04  0.  ]
 [-0.03 -0.02 -0.03  0.16  0.  ]
 [ 0.04  0.    0.    0.    0.  ]
 [ 0.    0.    0.    0.    0.  ]
 [-0.01 -0.01  0.06 -0.01  0.01]
 [-0.04 -0.01 -0.02  0.02  0.  ]
 [ 0.02  0.    0.    0.    0.  ]
 [ 0.    0.    0.    0.    0.  ]
 [ 0.11  0.    0.    0.    0.  ]
 [ 0.    0.    0.    0.    0.  ]
 [ 0.    0.    0.    0.    0.  ]
 [ 0.    0.    0.    0.    0.  ]
 [ 0.03  0.    0.    0.01  0.  ]
 [ 0.    0.    0.    0.    0.  ]
 [ 0.    0.    0.    0.    0.  ]
 [ 0.    0.    0.    0.    0.  ]]
